0 1 2 3 4 5 6 7 8 9 10 11 
0 1 2 3 4 6 5 7 8 9 10 11 
0 1 2 3 4 8 5 6 7 9 10 11 
0 1 2 3 4 9 5 6 7 8 10 11 
0 1 2 3 8 9 4 5 6 7 10 11 
0 1 2 3 8 10 4 5 6 7 9 11 
0 1 2 4 5 6 3 7 8 9 10 11 
0 1 2 4 5 7 3 6 8 9 10 11 
0 1 2 4 5 9 3 6 7 8 10 11 
0 1 2 4 5 10 3 6 7 8 9 11 
0 1 2 4 5 11 3 6 7 8 9 10 
0 1 2 4 6 8 3 5 7 9 10 11 
0 1 2 4 6 10 3 5 7 8 9 11 
0 1 2 4 6 11 3 5 7 8 9 10 
0 1 2 4 7 8 3 5 6 9 10 11 
0 1 2 4 7 9 3 5 6 8 10 11 
0 1 2 4 7 11 3 5 6 8 9 10 
0 1 2 4 8 10 3 5 6 7 9 11 
0 1 2 4 9 10 3 5 6 7 8 11 
0 1 2 4 9 11 3 5 6 7 8 10 
0 1 2 4 10 11 3 5 6 7 8 9 
0 1 2 5 6 11 3 4 7 8 9 10 
0 1 2 5 8 10 3 4 6 7 9 11 
0 1 2 5 10 11 3 4 6 7 8 9 
0 1 2 8 9 10 3 4 5 6 7 11 
0 1 2 8 9 11 3 4 5 6 7 10 
0 1 2 8 10 11 3 4 5 6 7 9 
0 1 4 6 10 11 2 3 5 7 8 9 
0 1 4 7 9 10 2 3 5 6 8 11 
0 1 5 7 10 11 2 3 4 6 8 9 
